1000
71 756
77 478
21 197
97 395
27 245
90 555
12 564
30 891
59 917
97 394
137 275
9 19
321 643
102 205
317 635
1 1000
12 430
12 429
12 431
12 485
198 397
198 504
5 200
5 199
5 201
5 206
53 333
53 332
53 334
53 399
59 635
59 634
59 636
59 759
398 797
398 978
377 755
377 886
320 641
320 758
348 697
348 922
31 525
31 524
31 526
31 584
166 670
166 669
166 671
166 784
117 235
117 398
301 603
301 755
200 806
200 805
200 807
200 981
387 775
387 961
226 453
226 626
165 331
165 654
24 102
24 101
24 103
24 149
23 923
23 922
23 924
23 934
75 306
75 305
75 307
75 410
380 761
380 906
422 845
422 945
10 390
10 389
10 391
10 426
206 830
206 829
206 831
206 902
191 383
191 765
86 350
86 349
86 351
86 369
249 499
249 930
240 481
240 688
85 708
85 707
85 709
85 787
304 609
304 993
298 597
298 883
294 589
294 847
66 270
66 269
66 271
66 359
122 245
122 470
275 551
275 614
31 438
31 437
31 439
31 490
173 347
173 566
54 714
134 542
134 541
134 543
134 576
12 880
12 879
12 881
12 959
185 746
185 745
185 747
185 936
136 831
136 830
136 832
136 985
203 407
203 553
14 770
14 769
14 771
14 798
90 366
90 365
90 367
90 464
421 843
421 935
331 663
331 682
119 729
119 728
119 730
119 757
68 137
68 264
8 533
8 532
8 534
8 555
3 525
3 524
3 526
3 581
244 983
204 409
204 560
423 847
423 986
21 693
21 692
21 694
21 754
62 125
62 237
270 541
270 846
94 579
94 578
94 580
94 779
107 884
107 883
107 885
107 974
2 629
2 628
2 630
2 638
242 485
242 883
141 283
141 366
19 235
19 234
19 236
19 292
55 861
55 860
55 862
55 875
71 596
71 595
71 597
71 697
67 135
67 230
83 875
83 874
83 876
83 898
211 850
211 849
211 851
211 864
246 493
246 584
127 514
203 818
203 817
203 819
203 906
47 872
47 871
47 873
47 926
213 858
213 857
213 859
213 947
375 751
375 860
13 328
13 327
13 329
13 344
25 690
25 689
25 691
25 734
434 869
434 919
77 644
77 643
77 645
77 731
175 706
175 705
175 707
175 988
187 754
187 753
187 755
187 799
225 451
225 460
121 490
121 489
121 491
121 661
7 645
7 644
7 646
7 707
59 242
59 241
59 243
59 345
339 679
339 892
271 543
271 639
376 753
376 946
141 570
141 569
141 571
141 845
47 515
47 514
47 516
47 581
288 577
288 809
163 327
163 369
341 683
341 983
359 719
359 949
96 796
96 795
96 797
96 847
181 730
181 729
181 731
181 773
90 366
90 365
90 367
90 494
325 651
325 666
217 435
217 731
192 385
192 742
160 646
160 645
160 647
160 712
154 309
154 459
63 127
63 168
422 845
422 856
41 169
41 171
41 194
224 498
120 315
258 941
350 952
111 680
111 682
111 712
215 865
215 867
215 873
12 429
12 431
12 465
202 557
61 797
61 799
61 872
96 795
96 797
96 892
182 733
182 735
182 837
257 881
83 337
83 339
83 489
21 870
21 872
21 959
332 947
126 274
22 629
22 631
22 669
170 685
170 687
170 810
172 345
228 793
255 647
100 405
100 407
100 413
24 669
24 671
24 709
290 925
240 851
20 187
20 189
20 200
179 578
24 669
24 671
24 675
249 985
83 691
83 693
83 871
432 940
39 81
346 909
104 393
52 443
52 445
52 503
83 255
46 855
46 857
46 882
352 987
442 951
125 764
125 766
125 903
4 623
4 625
4 654
322 901
29 188
29 190
29 214
4 146
4 148
4 170
89 361
89 363
89 409
450 981
1 299
1 301
1 304
140 565
140 567
140 631
145 585
145 587
145 735
231 555
136 830
136 832
136 892
98 397
98 399
98 407
49 309
156 571
94 779
94 781
94 935
217 873
217 875
217 920
25 602
25 604
25 622
23 649
23 651
23 667
180 593
49 653
49 655
49 674
22 714
22 716
22 761
395 939
455 914
89 361
89 363
89 428
250 745
22 49
302 935
245 795
309 907
181 729
181 731
181 867
12 879
12 881
12 957
381 924
22 398
22 400
22 465
283 614
90 191
40 347
40 349
40 431
176 709
176 711
176 749
257 890
32 631
32 633
32 648
2 151
2 153
2 180
259 929
397 880
95 787
95 789
95 802
343 697
217 547
378 976
93 377
93 379
93 502
267 548
98 811
98 813
98 961
33 461
33 463
33 534
16 582
16 584
16 642
85 185
313 728
174 701
174 703
174 716
277 881
129 521
129 523
129 765
241 747
6 934
83 486
284 978
132 512
18 665
149 526
88 288
76 585
169 993
1 952
23 640
155 693
382 811
180 832
266 869
45 988
242 579
92 737
172 659
97 555
47 160
297 599
121 354
53 274
313 902
104 366
355 949
26 307
131 410
76 431
15 674
422 857
405 992
60 883
78 746
48 941
121 605
162 927
16 904
124 513
241 761
331 831
80 818
211 676
23 557
99 673
65 603
278 875
56 444
332 817
131 441
57 590
132 495
15 997
16 695
101 440
106 568
383 990
13 169
327 724
225 700
348 708
41 390
176 969
220 624
66 197
53 309
63 847
2 608
87 200
285 835
251 985
92 937
359 867
26 211
241 884
204 609
70 175
51 952
136 947
39 343
147 512
26 528
41 99
17 351
127 603
410 978
81 746
131 464
94 622
39 601
213 791
99 925
314 682
194 523
113 493
128 811
289 951
9 876
249 765
80 469
234 967
312 889
257 565
134 501
90 234
233 758
125 815
26 397
21 527
207 587
115 676
41 462
276 571
63 196
131 414
38 376
421 963
163 623
187 985
90 315
306 842
109 334
252 896
118 323
74 941
136 513
65 507
52 905
379 764
345 752
262 568
172 439
155 538
321 863
191 813
367 952
402 996
18 435
212 807
79 801
94 421
56 754
226 700
90 942
306 810
106 333
177 384
284 992
270 643
143 793
369 940
188 676
260 751
221 827
233 674
151 817
171 375
279 912
63 232
75 405
299 721
295 928
86 865
438 899
82 411
233 709
259 706
202 622
201 588
129 484
66 643
52 325
173 635
266 931
166 838
18 463
97 650
240 505
67 613
17 395
131 400
47 146
151 859
5 49
19 353
188 907
102 794
65 263
356 733
262 578
76 381
93 783
121 463
322 934
385 815
194 725
64 870
3 32
70 548
138 943
11 379
243 658
131 633
341 802
379 977
137 688
273 659
176 630
64 712
245 564
172 498
286 879
378 984
348 843
2 809
255 848
365 750
205 553
470 965
87 270
49 701
25 797
58 515
60 748
240 559
190 721
133 682
274 896
229 925
83 632
32 491
43 364
59 147
373 984
256 647
25 564
38 391
208 989
369 920
274 760
4 441
170 453
196 438
10 916
153 333
411 889
372 843
126 449
197 940
314 695
20 516
5 222
15 973
194 536
130 767
175 975
171 900
167 964
38 257
103 569
22 748
94 925
57 278
306 931
59 415
22 264
11 172
256 843
198 412
164 412
45 861
58 729
13 365
5 760
246 977
67 413
204 735
173 827
98 336
132 557
354 990
9 744
154 354
13 931
297 823
371 860
239 867
244 825
99 345
95 890
234 801
207 502
10 679
11 181
61 528
119 770
75 709
85 925
386 941
150 659
116 472
30 270
63 899
172 446
274 872
211 587
198 807
466 951
104 599
70 340
314 812
355 957
250 974
23 542
2 990
149 927
171 494
162 484
28 966
12 704
240 788
17 403
118 506
234 766
413 907
356 812
230 983
96 783
76 544
139 615
337 904
348 753
372 781
283 952
68 603
220 874
96 631
111 432
162 331
8 222
143 492
213 669
358 760
198 507
388 941
149 392
166 333
276 625
37 969
50 393
166 360
10 439
257 701
272 657
374 883
120 856
288 709
399 992
309 916
316 719
255 810
190 719
352 910
151 507
22 813
301 654
40 680
296 861
208 836
153 397
101 735
53 396
333 859
183 513
103 634
173 429
183 572
82 382
170 514
193 659
382 967
24 438
127 910
289 909
95 903
55 393
43 360
22 475
132 569
103 953
420 973
68 895
152 936
195 653
8 173
59 406
170 731
290 936
152 421
269 838
238 758
11 117
27 298
80 963
43 199
224 894
250 919
43 712
337 940
199 538
22 973
9 320
20 499
356 753
39 963
22 251
231 556
82 212
40 216
80 957
43 435
57 136
66 409
87 999
285 774
216 586
201 439
155 685
25 466
106 800
58 330
430 945
461 931
237 743
183 367
201 967
350 902
384 822
76 631
233 654
285 837
304 879
168 456
22 654
201 936
118 733
26 191
77 334
104 822
109 368
20 546
73 640
188 721
309 875
234 949
36 255
54 166
49 513
145 945
390 787
10 790
423 930
101 830
22 610
163 407
8 720
174 715
210 671
35 949
136 548
94 641
163 650
319 673
93 426
75 464
439 893
163 798
14 729
23 369
192 963
31 953
42 680
