1000
77 478
82 866
71 756
15 302
21 197
156 630
90 555
181 730
27 244
219 882
9 19
115 231
112 225
155 311
35 71
1 1000
27 730
27 729
27 731
27 786
262 525
262 756
178 357
178 683
33 292
33 291
33 293
33 303
277 555
277 830
25 106
25 105
25 107
25 144
12 795
12 794
12 796
12 862
370 741
370 889
150 301
150 339
292 585
292 880
156 313
156 405
121 741
121 740
121 742
121 907
327 655
327 736
237 475
237 799
27 639
27 638
27 640
27 705
99 609
99 608
99 610
99 738
151 610
151 609
151 611
151 798
65 695
65 694
65 696
65 794
306 613
306 886
47 749
47 748
47 750
47 760
121 741
121 740
121 742
121 944
234 942
234 941
234 943
234 952
6 765
6 764
6 766
6 784
54 714
54 713
54 715
54 778
2 189
2 188
2 190
2 193
272 545
272 698
104 860
104 859
104 861
104 946
266 533
266 762
90 366
90 365
90 367
90 456
114 229
114 434
317 635
317 812
246 493
246 913
156 630
156 629
156 631
156 895
133 813
133 812
133 814
133 920
228 918
228 917
228 919
228 930
9 264
9 263
9 265
9 298
38 837
38 836
38 838
38 859
76 805
76 804
76 806
76 832
109 900
109 899
109 901
109 908
24 759
24 758
24 760
24 770
10 516
10 515
10 517
10 560
48 525
48 524
48 526
48 622
164 662
10 516
10 515
10 517
10 545
50 791
50 790
50 792
50 795
76 805
76 804
76 806
76 924
161 650
161 649
161 651
161 674
37 237
37 236
37 238
37 253
213 427
213 798
383 767
383 784
126 253
126 307
11 765
11 764
11 766
11 796
397 795
397 938
136 550
136 549
136 551
136 725
177 355
177 434
87 175
87 200
68 278
68 277
68 279
68 353
402 805
402 829
152 305
152 454
60 508
60 507
60 509
60 594
157 315
157 318
54 339
54 338
54 340
54 430
425 851
425 932
134 269
134 426
164 662
164 661
164 663
164 922
2 275
2 274
2 276
2 296
422 845
422 862
255 511
255 513
178 718
178 717
178 719
178 766
102 844
102 843
102 845
102 911
220 441
220 470
149 602
149 601
149 603
149 824
113 693
113 692
113 694
113 778
65 548
65 547
65 549
65 576
13 132
13 131
13 133
13 174
62 387
62 386
62 388
62 509
244 489
244 748
208 417
208 472
35 395
35 394
35 396
35 453
191 770
191 769
191 771
191 858
311 623
311 885
363 727
363 838
203 407
203 669
215 431
215 577
278 557
278 667
119 729
119 728
119 730
119 818
443 887
443 959
166 333
166 455
209 419
209 717
437 875
437 980
143 578
143 577
143 579
143 761
47 297
47 296
47 298
47 357
11 540
11 539
11 541
11 554
31 276
31 275
31 277
31 309
248 497
248 886
276 553
276 778
2 702
2 701
2 703
2 740
140 566
140 565
140 567
140 580
9 630
9 629
9 631
9 690
150 301
150 569
113 693
113 692
113 694
113 863
49 776
49 778
49 792
43 177
43 179
43 208
215 681
91 285
128 782
128 784
128 920
38 331
38 333
38 375
320 949
218 805
19 234
19 236
19 260
78 824
78 826
78 839
171 689
171 691
171 749
247 762
204 679
157 633
157 635
157 927
135 545
135 547
135 567
228 647
269 842
167 673
167 675
167 825
52 443
52 445
52 512
347 856
115 415
351 788
265 661
316 770
79 488
79 490
79 577
1 665
1 667
1 676
41 557
41 559
41 649
195 702
61 380
61 382
61 469
26 899
26 901
26 951
66 704
66 706
66 743
43 177
43 179
43 265
471 974
68 208
200 805
200 807
200 858
285 781
60 374
60 376
60 377
93 572
93 574
93 691
156 629
156 631
156 793
319 918
269 948
243 505
125 764
125 766
125 949
110 445
110 447
110 451
261 934
6 480
6 482
6 509
77 249
223 897
223 899
223 946
333 831
212 794
87 247
252 624
72 214
109 423
52 326
52 328
52 339
150 393
374 979
329 934
337 964
219 489
211 845
211 849
211 851
211 893
79 488
79 490
79 637
372 869
68 881
68 883
68 985
17 269
17 271
17 292
441 983
194 439
10 900
10 902
10 933
10 74
10 76
10 78
194 758
133 812
133 814
133 896
167 673
167 675
167 697
390 899
310 832
72 446
72 448
72 484
90 365
90 367
90 549
20 670
20 672
20 724
360 889
207 833
207 835
207 839
84 699
84 701
84 710
102 361
12 636
12 638
12 709
342 872
86 530
86 532
86 598
285 669
89 361
89 363
89 530
131 734
413 869
180 541
225 916
187 757
422 949
457 939
249 644
65 953
192 549
169 437
246 506
49 927
109 740
257 516
86 638
265 600
11 834
41 727
312 871
363 978
373 853
128 756
84 320
383 969
13 873
178 688
17 399
232 524
85 635
187 835
153 380
35 694
90 344
115 244
460 939
149 620
373 944
115 519
45 649
116 955
175 854
323 666
288 986
163 624
113 762
374 750
3 191
190 858
360 958
310 784
464 940
62 216
445 896
162 654
41 424
38 458
100 486
137 483
45 161
208 492
360 973
25 320
25 469
89 277
168 484
141 667
247 752
41 112
19 602
228 758
210 678
287 953
415 1000
193 744
296 953
124 259
29 590
298 719
251 837
6 18
92 868
212 941
310 675
163 940
95 727
74 907
48 643
152 497
188 828
242 759
206 908
81 398
473 964
419 895
281 691
387 981
153 482
86 679
97 873
123 543
49 724
78 929
66 590
89 709
175 452
42 610
318 659
6 639
182 751
205 655
28 649
309 829
361 907
131 514
273 731
138 922
160 468
107 504
7 83
206 450
237 600
13 32
151 597
21 105
323 757
141 886
440 920
287 988
12 786
85 472
266 763
391 873
291 685
148 798
25 835
27 173
169 572
371 834
311 636
377 851
195 751
162 793
67 137
414 864
367 996
56 334
165 647
276 651
303 654
167 852
198 430
458 964
35 592
293 720
17 684
308 830
12 881
52 900
141 970
244 664
80 258
11 333
129 809
51 415
299 822
70 927
134 580
143 929
4 202
240 978
35 699
128 706
141 886
124 946
139 378
84 486
366 956
4 796
16 527
20 718
53 920
256 596
212 995
149 944
73 922
91 264
195 777
83 498
349 715
435 965
39 325
373 893
259 763
16 173
287 585
39 239
155 452
482 967
218 515
185 525
40 93
134 748
280 842
307 913
233 910
24 473
93 469
81 603
120 485
93 873
118 600
44 558
101 348
7 666
253 638
66 147
141 495
143 963
239 850
153 541
47 592
250 587
12 116
65 258
19 311
47 303
71 385
4 924
76 244
126 922
15 351
218 607
179 456
162 933
85 671
61 554
92 713
84 813
103 497
225 846
349 754
9 864
121 909
355 722
202 415
35 291
198 592
35 220
216 670
38 397
257 554
240 540
315 776
24 844
36 330
158 868
17 352
73 908
104 391
335 937
131 651
307 886
265 681
311 970
284 649
76 457
163 508
39 205
148 591
265 638
23 74
306 894
291 935
159 986
82 685
238 981
176 451
94 955
270 611
115 901
344 874
119 980
266 655
238 782
58 285
327 832
118 453
5 879
294 945
94 314
200 917
213 841
127 271
179 482
143 442
183 686
187 607
172 369
236 515
251 509
276 861
318 952
156 437
410 865
7 363
10 383
273 842
13 537
187 436
51 913
389 937
139 314
275 876
124 722
262 649
161 577
58 658
246 572
132 301
208 575
162 801
48 973
90 436
211 467
38 974
202 681
58 117
16 379
457 998
117 900
12 331
182 860
192 392
446 897
106 688
31 563
102 857
247 651
278 949
450 938
287 985
225 456
117 910
209 582
126 917
112 404
62 381
182 749
41 752
51 583
270 690
199 498
45 545
58 472
194 546
145 685
328 987
305 923
322 689
129 986
330 875
137 875
320 759
85 532
196 587
181 860
320 741
173 434
118 352
237 922
11 190
12 278
102 766
328 810
225 969
115 290
387 935
107 990
44 848
282 835
39 430
212 543
167 469
37 129
56 383
6 590
334 907
90 839
60 586
117 571
172 934
13 133
209 747
109 360
44 811
160 820
347 799
117 786
255 902
289 699
163 622
176 801
122 462
9 592
65 156
34 96
201 901
202 864
80 574
211 750
87 480
92 842
145 364
4 515
63 401
124 977
220 997
255 989
214 517
34 422
71 381
37 451
188 715
409 913
122 301
92 506
202 973
170 944
387 973
171 721
218 622
33 875
1 713
282 767
302 742
78 235
91 332
136 492
34 766
79 714
201 648
68 391
216 539
266 670
30 947
22 74
151 442
178 958
34 525
30 450
235 475
287 667
103 703
12 177
56 366
71 944
225 837
104 765
148 478
18 985
251 968
164 915
47 129
143 973
225 865
73 236
79 806
182 916
35 382
118 882
299 963
224 461
336 704
103 779
96 568
97 468
27 748
98 885
162 897
159 475
178 545
317 661
217 671
10 616
159 456
393 878
316 772
11 305
129 573
293 802
190 508
291 998
119 313
203 943
365 976
