100
3 3
2 1 2
1 1 1
2 1 2
5 5
2 2 2 2 2
2 1 1 1 2
2 1 2 1 2
2 1 1 1 2
2 2 2 2 2
3 9
2 1 2 2 2 2 2 1 2
2 2 2 2 2 2 2 1 2
2 2 1 1 2 2 2 2 1
6 8
2 2 2 2 2 2 1 1
2 2 2 2 2 2 1 1
1 1 1 1 1 1 1 1
1 1 1 1 1 1 1 1
2 2 2 2 2 2 1 1
1 1 1 1 1 1 1 1
6 8
1 2 1 1 2 2 2 2
2 2 2 2 1 2 1 2
1 2 2 2 2 2 2 2
2 2 1 2 2 2 2 2
2 2 2 2 2 1 2 2
2 2 2 2 1 2 2 2
3 9
2 2 2 2 2 2 2 2 2
2 2 2 2 2 2 2 2 2
2 2 2 2 2 2 1 2 2
10 10
2 2 2 2 2 2 2 2 2 2
2 2 2 2 2 2 2 2 2 2
2 2 2 2 2 2 2 2 2 2
2 2 2 2 2 2 2 2 2 2
2 2 2 2 2 2 2 2 2 2
2 2 2 2 2 2 2 2 2 2
2 2 2 2 2 2 2 2 2 2
2 2 2 2 2 2 2 2 2 2
2 2 2 2 2 2 1 2 2 2
2 2 2 2 2 2 2 2 2 2
3 5
2 1 2 2 2
2 1 2 1 1
2 2 1 1 2
8 6
1 2 2 1 2 1
1 1 1 1 1 2
1 2 1 1 2 2
1 2 2 1 2 2
1 2 2 2 2 1
2 1 1 2 1 2
1 2 2 1 1 1
1 2 1 2 1 2
4 6
1 2 1 1 2 2
2 1 1 1 2 1
2 2 1 2 2 2
2 2 2 2 1 2
8 9
2 1 2 2 2 1 1 1 2
2 2 2 2 1 2 2 2 2
2 2 2 1 1 2 2 2 2
2 2 2 2 2 2 2 2 1
2 2 2 2 2 1 2 2 2
2 2 2 1 1 1 1 2 2
1 1 2 2 2 2 1 2 2
2 2 1 2 2 2 2 2 2
3 3
2 2 2
2 2 2
2 1 2
10 10
1 1 1 1 1 1 1 1 1 1
2 2 2 2 2 1 1 1 2 2
1 1 1 1 1 1 1 1 1 1
1 1 1 1 1 1 1 1 1 1
2 2 2 2 2 1 1 1 2 2
2 2 2 2 2 1 1 1 2 2
2 2 2 2 2 1 1 1 2 2
1 1 1 1 1 1 1 1 1 1
2 2 2 2 2 1 1 1 2 2
1 1 1 1 1 1 1 1 1 1
5 10
1 1 1 1 1 1 1 1 1 1
2 1 2 2 1 1 2 1 1 2
2 1 2 2 1 1 2 1 1 2
2 1 2 2 1 1 2 1 1 2
1 1 1 1 1 1 1 1 1 1
7 9
2 2 1 1 2 1 2 2 2
1 1 2 1 1 1 2 2 2
2 1 2 2 1 2 2 2 1
2 1 1 2 2 2 1 2 2
2 2 1 2 1 1 1 1 2
1 1 2 1 2 2 1 1 2
2 1 1 1 1 2 1 1 1
5 3
2 1 1
1 1 1
1 1 1
1 1 1
2 1 1
1 2
1 1
10 10
1 1 1 1 1 1 1 1 1 1
1 1 1 1 1 1 1 1 1 1
1 1 1 1 1 1 1 1 1 1
1 1 1 1 1 1 1 1 1 1
1 1 1 1 1 1 1 1 1 1
1 1 1 1 1 1 1 1 1 1
1 1 1 1 1 1 1 1 1 1
1 1 1 1 1 1 1 1 1 1
1 1 1 1 1 1 1 1 1 1
1 1 1 1 1 1 1 1 1 1
9 3
2 2 1
2 2 1
1 1 2
2 1 2
1 1 2
2 2 2
1 2 1
1 1 1
2 2 1
8 9
1 2 1 1 1 1 1 1 1
2 2 2 2 1 2 2 1 1
2 1 1 1 1 2 2 2 2
2 2 1 2 2 2 1 2 1
1 2 1 2 1 1 2 2 1
1 2 1 2 1 1 2 1 2
1 2 2 2 1 2 2 1 2
2 2 2 2 2 2 1 1 1
10 10
1 2 1 2 2 2 2 2 2 1
1 2 1 1 1 1 1 1 2 2
1 1 2 2 2 2 1 1 2 1
2 2 1 2 2 2 2 1 1 1
2 1 1 1 2 2 2 2 1 1
1 1 1 2 1 2 1 2 1 2
1 2 2 2 1 2 1 1 1 2
1 1 1 1 1 1 1 2 1 1
2 2 1 2 1 2 2 1 1 1
1 2 2 1 2 1 2 1 2 1
2 1
1
1
6 4
2 2 2 2
2 2 2 2
2 2 2 2
2 2 2 2
2 2 2 2
2 2 1 2
5 10
1 2 2 2 2 1 2 1 1 2
1 2 2 2 2 1 2 1 1 2
1 1 1 1 1 1 1 1 1 1
1 2 1 2 2 1 2 1 1 2
1 2 2 2 2 1 2 1 1 2
10 10
1 1 1 1 1 1 1 1 1 1
1 2 1 1 1 1 1 1 1 1
1 1 1 1 1 1 1 1 1 1
1 1 1 1 1 1 1 1 1 1
1 1 1 1 1 1 1 1 1 1
1 1 1 1 1 1 1 1 1 1
1 1 1 1 1 1 1 1 1 1
1 1 1 1 1 1 1 1 2 1
1 1 1 1 1 1 1 1 1 1
1 1 1 1 1 1 1 1 1 1
7 6
1 1 2 1 2 2
2 2 2 1 2 1
2 2 1 1 1 2
1 2 1 1 2 1
2 2 2 1 1 2
2 1 1 1 2 2
2 2 2 2 1 2
6 4
1 1 2 2
1 2 2 2
1 2 1 1
2 1 2 2
1 2 1 1
2 1 1 2
6 7
1 2 2 2 2 2 2
2 2 2 2 2 2 2
2 2 2 2 2 2 2
2 2 2 2 2 2 2
2 2 2 2 2 2 2
2 2 2 2 2 2 2
4 4
2 1 2 1
2 1 1 1
1 1 2 1
2 2 2 1
10 10
2 2 2 2 1 2 2 2 2 2
2 2 2 2 2 2 2 2 2 1
1 2 2 2 1 2 2 2 1 2
1 2 2 2 2 2 2 2 2 2
1 1 2 2 2 1 1 2 2 2
2 2 1 1 2 2 1 2 2 1
2 2 2 2 1 2 2 2 1 2
2 2 2 2 1 2 2 2 2 2
1 1 2 1 2 2 2 1 2 2
2 2 2 1 2 1 1 1 2 2
3 10
2 2 2 2 2 2 2 2 2 2
2 1 2 2 2 2 2 2 2 2
2 2 2 2 2 2 2 2 2 2
9 7
1 1 1 1 1 1 1
1 1 1 1 1 2 1
1 1 1 1 1 1 1
1 1 1 1 1 2 1
1 1 1 1 1 2 1
1 1 1 1 1 2 1
1 1 1 1 1 2 1
1 1 1 1 1 2 1
1 1 1 1 1 2 1
6 8
1 1 2 1 2 1 1 2
1 1 1 1 1 1 2 1
1 1 1 1 2 2 2 1
1 2 2 2 1 2 1 1
2 1 2 2 1 1 2 1
1 1 2 1 2 2 1 1
9 8
1 1 2 1 1 2 1 2
1 1 1 1 1 1 1 1
1 1 2 1 1 2 1 2
1 1 1 1 1 1 1 1
1 1 1 1 1 1 1 1
1 1 1 1 1 2 1 2
1 1 2 1 1 2 1 2
1 1 1 1 1 1 1 1
1 1 2 1 1 2 1 2
9 1
1
1
1
1
1
1
1
1
1
10 10
1 1 1 1 1 1 1 1 1 1
1 1 1 1 1 1 1 1 1 1
1 1 1 1 1 1 1 1 1 1
1 1 1 1 1 1 1 1 1 1
1 1 1 1 1 1 1 1 1 2
1 1 1 1 1 1 1 1 1 1
1 1 1 1 1 1 1 1 1 1
1 1 1 1 1 1 1 1 1 1
1 1 1 1 1 1 1 1 1 1
1 1 1 1 1 1 1 1 1 1
3 10
1 1 1 1 1 1 1 1 1 1
2 1 1 1 2 2 1 1 1 2
1 1 1 1 1 1 1 1 1 1
10 5
2 2 2 1 2
1 1 2 2 2
2 1 2 2 1
2 2 2 2 2
2 2 2 1 1
1 1 2 1 2
2 2 1 2 2
2 1 1 2 1
2 1 1 2 1
2 2 2 1 2
8 9
1 2 1 1 2 1 2 2 1
1 1 1 1 1 1 1 1 1
1 2 1 1 2 1 2 2 1
1 2 1 1 2 1 2 2 1
1 1 1 1 1 1 1 1 1
1 2 1 1 2 1 2 2 1
1 2 1 1 2 1 2 2 1
1 2 1 1 2 1 2 2 1
8 1
1
1
2
1
2
1
1
1
6 3
1 1 1
1 1 1
1 1 1
1 1 1
1 1 1
1 1 1
1 7
1 1 1 1 1 1 1
3 9
2 2 2 1 2 2 1 2 2
2 2 2 1 2 2 1 2 2
2 2 2 1 2 2 1 2 2
1 9
2 1 2 1 2 2 1 1 1
9 8
1 2 1 1 2 1 2 1
2 2 2 2 2 2 2 2
2 1 1 1 2 2 1 1
2 1 1 2 1 2 2 1
1 1 1 1 2 2 1 1
2 2 2 2 1 1 2 1
1 1 1 1 2 2 2 1
2 1 2 2 2 2 2 2
2 2 1 1 2 1 2 2
6 8
2 1 1 1 2 1 2 2
1 1 1 1 1 1 1 1
2 1 1 1 2 1 2 2
1 1 1 1 1 1 1 1
1 1 1 1 1 1 1 1
1 1 1 1 1 1 1 1
9 2
2 2
2 1
2 2
2 2
2 2
2 2
2 2
2 2
2 2
9 8
2 2 1 2 1 1 2 2
2 1 2 2 2 2 1 1
2 2 2 2 1 2 2 2
2 1 2 1 1 1 1 1
1 2 2 2 2 2 2 1
2 1 2 2 2 2 1 2
1 2 2 2 2 1 2 2
1 2 1 1 2 2 2 1
1 1 2 1 2 2 1 2
6 3
1 2 2
2 2 1
2 2 2
2 2 2
2 2 2
1 2 2
10 10
2 2 2 2 2 2 2 2 2 1
2 2 2 2 2 2 2 2 2 2
2 2 2 2 2 2 2 2 2 2
2 2 2 2 2 2 2 2 2 2
2 2 2 2 2 2 2 2 2 2
2 2 2 2 2 2 2 2 2 2
2 2 2 2 2 2 2 2 2 2
2 2 2 2 2 2 2 2 2 2
2 2 2 2 2 2 2 2 2 2
2 2 2 2 2 2 2 2 2 2
8 9
2 2 2 2 2 2 2 2 2
2 2 2 2 2 2 2 2 2
2 2 2 2 2 2 2 2 2
2 2 2 2 2 2 2 2 2
2 2 2 2 2 2 1 2 2
2 2 2 2 2 2 2 2 2
2 2 2 2 2 2 2 2 2
2 2 2 2 2 2 2 2 2
4 6
2 2 2 2 2 2
2 1 2 2 2 2
2 2 2 2 2 2
2 2 2 2 2 2
10 10
2 2 2 2 2 2 2 2 2 2
2 2 2 2 2 2 1 2 2 2
1 2 2 2 2 2 2 2 2 2
2 2 2 2 2 1 2 2 2 2
2 2 2 2 2 2 2 2 2 2
2 2 1 2 2 2 2 2 2 2
2 2 2 2 2 2 2 2 2 2
2 2 1 2 2 2 2 2 1 2
2 1 2 2 2 2 2 1 2 2
2 2 2 2 2 2 2 2 1 2
10 10
1 1 1 1 1 1 1 1 1 1
1 1 1 1 1 1 1 1 1 1
1 1 1 1 1 1 1 1 1 1
1 2 1 1 1 1 1 1 1 1
1 1 1 1 1 1 1 1 1 1
1 1 1 1 1 1 1 1 1 1
1 1 1 1 1 1 1 1 1 1
1 1 1 1 1 1 1 1 1 1
1 1 1 1 1 1 1 1 1 1
1 1 1 1 1 1 1 1 1 1
10 10
2 2 2 2 2 2 2 2 2 2
2 2 2 2 2 2 2 2 2 2
2 2 2 2 2 2 2 2 2 2
2 2 2 2 2 2 1 2 2 2
2 2 2 2 2 2 2 2 2 2
2 2 2 2 2 2 2 2 2 2
2 2 2 2 2 2 2 2 2 2
2 2 2 2 2 2 2 2 2 2
2 2 2 2 2 2 2 2 2 2
2 2 2 2 2 2 2 2 2 2
9 8
1 1 1 1 1 1 1 1
1 2 2 2 2 2 1 1
1 2 2 2 2 2 1 1
1 2 2 2 2 2 1 1
1 1 1 1 1 1 1 1
1 1 1 1 1 1 1 1
1 1 1 1 1 1 1 1
1 2 2 2 2 2 1 1
1 2 2 2 2 2 1 1
2 9
1 1 1 2 1 1 1 2 1
2 2 2 1 2 2 2 2 1
10 10
2 2 2 2 2 2 2 2 2 2
2 2 2 2 2 2 2 2 2 2
2 2 2 2 2 2 2 2 2 2
2 2 2 2 2 2 2 2 1 2
2 2 2 2 2 2 2 2 2 2
2 2 2 2 2 2 2 2 2 2
2 2 2 2 2 2 2 2 2 2
2 2 2 2 2 2 2 2 2 2
2 2 2 2 2 2 2 2 2 2
2 2 2 1 2 2 2 2 2 2
9 7
2 2 2 1 2 2 1
1 1 1 1 1 1 1
2 2 2 1 2 2 1
2 2 2 1 2 2 1
1 1 1 1 1 1 1
1 1 1 1 1 1 1
2 2 2 1 1 2 1
2 2 2 1 2 2 1
1 1 1 1 1 1 1
1 1
2
3 3
2 2 1
1 2 1
1 1 1
3 6
1 1 1 2 1 2
1 2 1 2 1 1
2 1 2 1 1 2
4 6
1 1 1 1 1 1
1 1 1 1 1 1
1 1 1 1 1 1
1 2 2 2 1 2
9 2
2 2
2 2
2 2
2 2
2 2
2 2
1 2
2 2
2 2
6 8
2 2 2 2 2 2 2 2
2 2 2 2 2 2 2 2
2 2 2 2 2 2 2 2
2 2 2 2 2 2 2 2
2 2 2 2 2 2 2 2
2 2 2 2 2 2 2 1
3 3
1 1 1
1 1 1
2 1 2
9 2
1 1
1 1
1 1
2 1
1 1
1 1
1 1
1 1
1 1
1 1
1
6 6
1 2 1 1 2 1
2 1 1 1 1 2
1 1 2 2 1 1
1 2 2 2 2 1
2 1 2 1 2 2
1 1 2 1 1 2
3 3
1 2 1
2 1 2
1 2 2
10 10
2 2 2 2 1 2 2 2 2 2
2 2 2 2 2 2 2 2 2 2
2 2 2 2 2 2 2 2 2 2
2 2 2 2 2 2 2 2 2 2
2 2 2 2 2 2 2 2 2 2
2 2 2 2 2 1 2 2 2 2
2 2 2 2 2 2 2 2 2 2
2 2 2 2 2 2 2 2 2 2
2 2 2 2 2 2 2 2 2 2
2 2 2 2 2 2 2 2 2 2
1 2
1 1
4 4
2 2 2 2
2 2 2 2
1 2 1 2
2 2 1 1
10 3
2 2 1
1 1 1
2 1 2
2 2 1
2 2 1
2 1 1
1 2 2
2 1 1
1 2 1
1 1 1
10 10
1 1 1 1 1 1 1 1 1 1
1 1 1 1 1 1 1 1 1 1
1 1 1 1 1 1 1 1 1 1
1 2 2 1 1 2 2 2 2 1
1 2 2 1 1 2 2 2 2 1
1 2 2 1 1 2 2 2 2 1
1 2 2 1 1 2 2 2 2 1
1 1 1 1 1 1 1 1 1 1
1 1 1 1 1 1 1 1 1 1
1 2 2 1 1 2 2 2 2 1
4 6
2 2 1 2 2 1
2 2 1 1 1 1
2 2 2 2 2 1
2 1 1 1 2 1
7 1
1
1
1
1
1
1
1
6 3
2 2 2
2 2 2
2 2 2
2 2 2
2 2 2
2 1 2
4 4
1 1 1 1
1 1 1 1
2 1 2 2
2 1 2 2
6 8
2 2 2 2 2 2 2 2
1 2 2 2 2 2 2 2
2 2 2 2 2 2 2 2
2 2 2 2 2 2 2 2
2 2 2 2 2 2 2 2
2 2 2 2 2 2 2 2
5 3
2 2 2
2 2 2
2 2 2
2 2 1
2 2 2
4 4
1 1 1 1
1 1 1 1
1 2 2 1
1 1 2 1
6 4
1 1 1 2
2 1 1 1
1 2 1 2
2 1 1 1
2 1 1 2
1 1 2 1
5 3
2 1 2
2 1 2
2 1 2
2 2 2
2 2 1
6 7
1 1 1 1 1 1 1
2 2 1 1 1 1 2
1 1 1 1 1 1 1
2 2 1 1 1 1 2
1 1 1 1 1 1 1
1 1 1 1 1 1 1
10 10
2 1 1 2 1 2 2 2 1 1
1 1 1 2 1 2 1 2 2 1
2 2 1 2 2 2 2 2 1 1
2 2 2 1 2 2 1 1 2 2
1 2 2 2 2 1 1 1 2 1
1 2 1 2 1 1 1 2 2 1
1 2 2 1 1 2 2 1 1 2
1 1 2 2 2 1 1 2 1 2
1 1 1 1 2 2 2 1 2 2
1 1 2 1 2 2 2 2 2 1
6 7
1 2 1 2 1 1 2
2 2 1 1 2 2 1
1 2 1 2 2 1 1
2 1 2 1 2 2 2
1 2 1 2 1 2 1
2 2 2 1 1 1 1
6 6
2 1 2 1 1 1
1 2 1 2 2 1
2 1 1 2 2 1
1 1 2 1 1 1
1 1 1 2 2 1
1 2 2 1 1 2
3 10
2 2 2 2 1 2 2 2 2 1
2 1 2 1 2 1 1 2 2 2
2 2 2 2 2 2 2 1 2 2
10 10
2 2 2 2 2 2 2 2 2 2
2 2 2 2 2 2 2 2 2 2
2 2 2 2 2 2 2 2 2 2
2 2 2 2 2 2 2 2 2 2
2 2 2 2 2 2 2 2 2 2
2 2 2 2 2 2 2 2 2 2
2 2 2 2 2 2 2 2 2 2
2 2 2 2 2 2 2 2 2 2
2 2 2 2 2 2 2 1 2 2
2 2 2 2 2 2 2 2 2 2
6 4
1 1 1 1
1 2 2 1
1 2 2 1
1 2 2 1
1 1 1 1
1 2 2 1
10 10
2 2 1 2 2 1 1 1 1 1
1 2 2 2 1 1 1 2 1 2
2 2 2 1 1 2 1 1 2 2
2 1 1 1 1 1 1 1 2 1
2 2 2 2 2 1 1 2 1 1
1 2 1 2 2 1 2 2 1 1
2 1 1 2 2 1 1 1 2 1
1 1 1 1 2 2 2 1 2 1
1 1 1 2 2 1 1 1 2 2
1 2 2 2 2 2 2 2 2 1
9 7
1 1 1 1 1 1 1
2 2 2 2 2 1 1
2 2 1 2 2 1 1
2 2 2 2 2 1 1
1 1 1 1 1 1 1
2 2 2 2 2 1 1
2 2 2 2 2 1 1
1 1 1 1 1 1 1
2 2 2 2 2 1 1
2 1
2
1
5 10
2 2 2 2 2 2 2 2 2 2
1 2 2 2 2 2 2 2 2 2
2 2 2 1 2 2 2 2 2 2
2 2 2 2 1 2 2 2 2 2
2 2 2 1 2 2 2 2 2 2
6 6
2 2 2 2 2 2
2 2 2 2 2 2
2 2 2 2 2 2
1 2 2 2 2 2
2 2 2 2 2 2
2 2 2 2 2 2
10 10
2 1 2 2 1 1 1 1 2 2
1 1 1 1 1 1 1 1 1 1
1 1 1 1 1 1 1 1 1 1
1 1 1 1 1 1 1 1 1 1
1 1 1 1 1 1 1 1 1 1
2 1 2 2 1 1 1 1 2 2
1 1 1 1 1 1 1 1 1 1
1 1 1 1 1 1 1 1 1 1
1 1 1 1 1 1 1 1 1 1
1 1 1 1 1 1 1 1 1 1
1 8
1 2 2 1 2 2 1 2
6 6
2 2 1 1 1 1
2 2 1 1 1 1
2 2 1 1 1 1
2 2 1 1 1 1
1 1 1 1 1 1
2 2 1 1 1 1
10 10
1 1 1 1 1 1 1 1 1 1
1 1 1 1 1 1 1 1 1 1
1 1 1 1 1 1 1 1 1 1
1 1 2 1 1 1 1 1 1 1
1 1 1 1 1 1 1 1 1 1
1 1 1 1 1 1 1 1 1 1
1 1 1 1 1 1 1 1 1 1
1 1 1 1 1 1 1 2 1 1
1 1 1 1 1 1 1 1 1 1
1 1 1 1 1 1 1 1 1 1
