100
3 8
5 6 9 4 8 2 1 7
3 1
2
3 10
2 4 8 16 32 64 100 100 100 100
3 10
1 4 4 4 4 4 4 4 4 4
100 1
100
3 5
11 20 60 22 100
2 10
100 100 100 100 100 100 100 100 100 100
3 5
100 100 100 100 100
3 4
1 6 12 49
2 6
9 64 19 16 81 80
1 10
100 100 100 100 100 100 100 100 100 100
1 10
1 1 1 1 1 1 1 1 1 1
3 7
1 2 1 34 58 11 1
15 3
9 6 73
1 9
3 50 74 48 1 46 13 6 50
23 4
93 12 4 11
1 9
2 15 62 24 4 20 6 23 37
17 2
1 3
8 3
56 11 1
1 7
75 6 99 6 4 27 78
1 9
2 21 81 67 12 6 41 86 88
24 4
1 10 11 62
4 5
42 86 1 35 83
15 6
84 6 17 67 1 46
9 9
58 43 69 24 58 44 10 60 33
17 3
21 7 50
14 7
19 31 5 63 38 29 7
7 6
41 33 6 1 1 25
4 3
57 1 44
12 3
4 75 15
21 3
18 72 41
10 6
1 97 65 44 76 35
4 1
47
2 4
67 58 42 6
7 4
19 6 47 24
1 2
26 59
5 7
4 1 43 11 79 11 4
3 6
11 2 82 9 23 1
13 2
9 8
24 9
47 10 19 20 60 8 92 5 3
24 3
40 49 12
8 5
96 1 81 56 54
4 9
11 9 17 97 86 1 64 5 65
9 5
3 30 78 12 39
22 1
25
25 7
4 4 9 78 2 7 66
1 2
61 39
13 3
44 35 6
6 5
31 2 3 46 32
13 8
31 9 8 49 47 3 12 80
13 7
83 3 1 67 27 6 11
24 1
89
3 4
42 88 16 25
3 1
1
14 5
7 80 1 1 36
6 3
81 38 2
25 4
24 18 41 3
23 6
12 14 47 99 10 64
19 7
10 15 92 22 81 3 37
6 1
28
1 7
1 73 31 96 42 51 36
15 2
87 54
22 3
4 16 6
24 6
8 6 56 44 25 7
10 6
1 1 7 8 42 55
5 1
5
1 3
23 3 14
13 4
1 25 2 8
5 7
7 18 15 1 52 77 3
20 2
90 2
1 9
58 91 85 47 37 11 15 28 13
3 7
44 81 35 39 2 34 1
19 4
3 1 24 56
2 2
92 22
7 1
3
3 3
20 20 1
24 8
60 34 3 7 37 89 57 60
13 5
66 61 26 14 26
24 5
83 55 10 33 82
5 9
17 87 26 1 1 5 17 1 41
8 2
8 29
12 3
15 47 1
18 9
6 43 17 77 65 7 58 24 6
20 2
44 17
1 3
8 5 57
1 1
1
12 5
73 18 9 4 5
19 7
96 6 57 94 10 76 46
23 1
34
20 4
27 45 2 68
13 2
93 81
5 2
78 2
1 7
63 4 20 29 24 8 12
13 7
34 83 77 87 39 22 11
8 7
42 8 44 14 32 23 91
19 2
72 44
4 6
71 6 27 22 58 73
19 2
4 12
1 3
19 49 1
18 6
3 6 2 9 84 92
