100
3 8
5 6 9 4 8 2 1 7
3 1
2
3 10
2 4 8 16 32 64 100 100 100 100
3 10
1 4 4 4 4 4 4 4 4 4
100 1
100
3 5
11 20 60 22 100
2 10
100 100 100 100 100 100 100 100 100 100
3 5
100 100 100 100 100
3 4
1 6 12 49
2 6
9 64 19 16 81 80
1 10
100 100 100 100 100 100 100 100 100 100
1 10
1 1 1 1 1 1 1 1 1 1
18 5
74 1 2 68 16
2 2
14 13
14 4
16 52 80 71
3 5
99 10 19 17 67
1 7
96 7 4 66 32 69 24
6 7
29 3 22 62 54 27 33
25 9
1 2 5 3 61 62 72 34 52
4 3
28 2 19
1 7
22 36 51 22 4 7 15
1 1
63
7 1
43
24 3
2 83 2
3 3
97 2 56
2 6
60 2 2 26 1 48
2 1
61
20 2
1 41
3 6
30 1 1 73 29 62
1 7
15 40 8 36 82 94 81
15 6
91 98 30 42 13 37
1 7
13 2 2 2 2 4 6
6 9
26 10 79 72 7 17 1 37 7
18 6
21 9 69 56 33 7
3 7
86 2 6 6 50 14 40
4 8
57 14 27 33 6 61 1 58
1 3
97 43 1
23 7
2 47 79 22 30 34 96
7 7
55 18 50 45 41 43 35
7 1
11
10 6
11 73 91 64 45 9
22 8
27 3 85 13 16 1 57 56
17 2
47 1
5 6
8 1 70 93 21 20
20 3
13 71 41
22 4
10 38 19 9
2 5
34 1 53 36 78
12 2
67 65
15 5
2 37 41 4 32
5 9
26 8 98 12 18 3 62 89 74
18 2
40 74
21 9
23 21 65 61 61 4 16 1 17
5 4
14 87 91 34
8 4
29 1 73 4
23 6
72 27 93 68 57 1
6 9
75 13 18 29 36 28 36 9 36
5 6
17 1 43 82 53 11
7 9
61 11 85 82 56 88 73 49 8
15 8
8 82 65 41 33 16 20 35
3 1
60
6 9
21 66 4 9 45 5 6 24 4
1 2
6 26
21 4
1 34 5 1
1 3
46 1 79
4 8
38 71 46 29 18 52 82 45
24 3
1 93 25
4 1
16
1 6
21 25 43 66 1 19
4 4
60 15 3 30
10 8
5 1 69 71 78 19 22 4
6 6
1 52 96 57 2 8
17 5
12 48 53 45 1
6 5
91 99 45 48 7
14 9
15 69 77 11 99 42 85 66 56
1 2
13 23
7 6
28 75 97 65 16 66
1 9
46 80 87 14 59 1 44 3 53
8 8
30 14 18 39 69 57 7 24
1 8
88 43 1 9 77 48 10 26
2 9
89 14 8 61 25 1 87 49 2
2 3
61 1 11
5 9
32 5 53 36 33 1 25 26 9
22 2
14 73
19 9
9 74 54 3 2 53 80 39 8
6 6
45 28 5 22 8 6
10 1
6
1 9
1 3 1 60 9 14 5 3 57
1 2
12 3
18 4
14 20 16 73
17 1
19
4 3
75 51 65
3 6
42 76 6 3 56 79
12 4
1 43 27 4
3 3
37 30 89
1 9
29 2 24 45 13 4 69 1 45
19 4
24 50 2 17
7 1
44
1 4
26 8 96 38
2 2
46 58
1 9
82 4 26 88 71 23 27 78 80
