100
3 8
5 6 9 4 8 2 1 7
3 1
2
3 10
2 4 8 16 32 64 100 100 100 100
3 10
1 4 4 4 4 4 4 4 4 4
100 1
100
3 5
11 20 60 22 100
2 10
100 100 100 100 100 100 100 100 100 100
3 5
100 100 100 100 100
3 4
1 6 12 49
2 6
9 64 19 16 81 80
1 10
100 100 100 100 100 100 100 100 100 100
1 10
1 1 1 1 1 1 1 1 1 1
8 5
94 56 17 93 42
1 1
86
18 3
38 27 1
1 8
1 19 31 35 44 23 30 44
1 4
64 59 33 1
21 9
26 57 1 47 38 37 1 44 9
21 4
8 73 30 83
1 8
92 95 44 79 25 32 99 61
10 4
12 7 79 93
22 7
80 48 2 78 2 29 92
18 8
5 1 73 55 98 12 49 4
1 1
21
2 3
2 50 1
1 8
45 3 11 4 66 4 44 78
1 5
27 52 5 64 89
1 3
1 5 37
1 4
18 38 48 5
12 7
79 2 6 33 52 5 73
4 2
3 79
17 9
42 4 10 17 87 26 32 72 1
18 6
1 17 42 1 3 17
2 6
84 46 3 42 96 5
5 5
40 1 10 15 61
1 9
3 11 86 55 31 1 43 49 21
4 9
32 91 3 30 1 8 1 1 88
6 2
73 40
1 1
1
9 1
57
7 8
9 4 35 84 61 21 1 73
24 9
60 16 27 1 26 2 47 20 5
23 5
37 5 79 33 42
1 4
19 54 4 1
23 7
43 13 48 95 32 30 24
16 8
63 63 48 1 18 50 32 54
1 3
54 36 25
10 3
2 22 1
20 3
52 76 9
5 5
1 5 37 81 21
4 6
39 22 8 12 3 4
1 5
38 34 34 27 21
5 8
4 67 55 1 46 38 34 8
1 6
74 1 21 12 36 52
12 8
22 2 67 20 3 17 6 22
1 7
12 35 4 7 7 33 65
24 2
73 34
1 1
29
1 9
34 90 17 13 57 65 20 15 15
3 1
51
20 3
24 1 55
3 2
23 10
11 9
14 58 6 49 80 44 1 3 65
19 1
92
19 5
38 89 52 74 1
12 9
89 1 73 2 6 30 2 4 78
2 3
31 32 59
1 5
92 51 16 43 7
21 5
46 5 57 33 1
3 3
86 15 4
1 8
9 39 11 10 94 1 6 42
1 1
1
8 1
11
17 6
17 17 17 7 2 17
6 5
22 4 12 3 3
12 8
1 61 1 79 15 25 56 26
2 9
90 24 82 56 64 3 20 1 94
24 8
18 16 1 71 23 16 21 31
17 8
23 23 13 45 44 58 20 31
1 5
22 88 71 38 3
11 4
19 37 1 88
3 5
3 94 94 31 5
1 5
5 1 32 67 1
8 6
24 81 3 43 10 59
13 3
31 65 97
2 3
42 84 55
3 5
53 34 1 21 23
3 6
7 86 32 97 49 2
1 6
56 1 71 62 83 55
15 1
10
23 6
43 10 37 5 1 15
2 5
4 47 39 8 18
2 8
12 8 1 19 9 80 87 2
1 9
54 24 66 1 1 75 13 66 47
10 5
2 4 52 1 54
2 2
1 69
2 1
1
22 8
94 11 39 15 2 3 59 1
1 9
1 6 87 88 93 28 83 26 80
11 9
81 92 48 84 18 15 11 48 19
