0
1
4
9
121
484
10201
12321
14641
40804
44944
1002001
1234321
4008004
100020001
102030201
104060401
121242121
123454321
125686521
400080004
404090404
10000200001
10221412201
12102420121
12345654321
40000800004
1000002000001
1002003002001
1004006004001
1020304030201
1022325232201
1024348434201
1210024200121
1212225222121
1214428244121
1232346432321
1234567654321
4000008000004
4004009004004
100000020000001
100220141022001
102012040210201
102234363432201
121000242000121
121242363242121
123212464212321
123456787654321
400000080000004
10000000200000001
10002000300020001
10004000600040001
10020210401202001
10022212521222001
10024214841242001
10201020402010201
10203040504030201
10205060806050201
10221432623412201
10223454745432201
12100002420000121
12102202520220121
12104402820440121
12122232623222121
12124434743442121
12321024642012321
12323244744232321
12343456865434321
12345678987654321
40000000800000004
40004000900040004
1000000002000000001
1000220014100220001
1002003004003002001
1002223236323222001
1020100204020010201
1020322416142230201
1022123226223212201
1022345658565432201
1210000024200000121
1210242036302420121
1212203226223022121
1212445458545442121
1232100246420012321
1232344458544432321
1234323468643234321
4000000008000000004
100000000020000000001
100002000030000200001
100004000060000400001
100020201040102020001
100022201252102220001
100024201484102420001
100200120040021002001
100202122050221202001
100204124080421402001
100220341262143022001
100222343474343222001
102010002040200010201
102012022050220210201
102014042080240410201
102030405060504030201
102032425272524230201
102212122262221212201
102214144272441412201
102232545484545232201
102234567696765432201
121000000242000000121
121002200252002200121
121004400282004400121
121022221262122220121
121024421474124420121
121220122262221022121
121222324272423222121
121242363484363242121
121244565696565442121
123210002464200012321
123212222474222212321
123232425484524232321
123234645696546432321
123432124686421234321
123434346696643434321
400000000080000000004
400004000090000400004
10000000000200000000001
10000220001410002200001
10002002100400120020001
10002222123632122220001
10020010200400201002001
10020230421612403202001
10022014302620341022001
10022234545854543222001
10201000020402000010201
10201222221612222210201
10203022140604122030201
10203244363836344230201
10221210222622201212201
10221432643834623412201
10223234344844343232201
12100000002420000000121
12100242003630024200121
12102202302620320220121
12102444325852344420121
12122010222622201022121
12122252443834425222121
12124214524842541242121
12321000024642000012321
12321244225852244212321
12323222344844322232321
12343210246864201234321
40000000000800000000004
1000000000002000000000001
1000002000003000002000001
1000004000006000004000001
1000020200104010020200001
1000022200125210022200001
1000024200148410024200001
1000200030004000300020001
1000202030205020302020001
1000204030408040304020001
1000220232126212320220001
1000222232347432322220001
1002001002004002001002001
1002003004005004003002001
1002005006008006005002001
1002021222306032221202001
1002023224327234223202001
1002201232026202321022001
1002203234227224323022001
1002221454348434541222001
1002223456569656543222001
1020100000204020000010201
1020102020205020202010201
1020104040208020404010201
1020120402306032040210201
1020122422327232242210201
1020302030406040302030201
1020304050607060504030201
1020322434528254342230201
1020324454749474544230201
1022121002226222001212201
1022123024227224203212201
1022141424528254241412201
1022143446549456443412201
1022323232448442323232201
1022325254649464525232201
1210000000024200000000121
1210002200025200022000121
1210004400028200044000121
1210022220126210222200121
1210024420147410244200121
1210220032026202300220121
1210222232227222322220121
1210242254148414522420121
1210244454369634544420121
1212201002226222001022121
1212203204227224023022121
1212223242528252423222121
1212225444549454445222121
1212421234248424321242121
1212423436449446343242121
1232100000246420000012321
1232102220247420222012321
1232122422348432242212321
1232124642369632464212321
1232322032448442302232321
1232324252649462524232321
1234321002468642001234321
1234323224469644223234321
4000000000008000000000004
4000004000009000004000004
100000000000020000000000001
100000220000141000022000001
100002002010040010200200001
100002222012363210222200001
100020001200040002100020001
100020221222161222122020001
100022003410262014300220001
100022223434585434322220001
100200100020040020001002001
100200320240161042023002001
100202104032060230401202001
100202324254383452423202001
100220121220262022121022001
100220341462383264143022001
100222125432484234521222001
102010000002040200000010201
102010222202161202222010201
102012022032060230220210201
102012244234383432442210201
102030201204060402102030201
102030423426181624324030201
102032223434282434322230201
102212100022262220001212201
102212322442383244223212201
102214124054282450421412201
102232321224484422123232201
121000000000242000000000121
121000242000363000242000121
121002202210262012202200121
121002444212585212444200121
121022001220262022100220121
121022243242383242342220121
121024203630484036302420121
121220100022262220001022121
121220342242383242243022121
121222304234282432403222121
121242121242484242121242121
123210000002464200000012321
123210244202585202442012321
123212222232484232222212321
123232201224484422102232321
123432100024686420001234321
400000000000080000000000004
10000000000000200000000000001
10000002000000300000020000001
10000004000000600000040000001
10000020200010401000202000001
10000022200012521000222000001
10000024200014841000242000001
10000200021000400012000200001
10000202021020502012020200001
10000204021040804012040200001
10000220221212621212202200001
10000222221234743212222200001
10002000102000400020100020001
10002002102200500220120020001
10002004102400800420140020001
10002020304030603040302020001
10002022304232723240322020001
10002200143002620034100220001
10002202143222722234120220001
10002220345234843254302220001
10002222345456965454322220001
10020010000200400200001002001
10020012002200500220021002001
10020014004200800240041002001
10020030220410601402203002001
10020032222412721422223002001
10020210221220602212201202001
10020212223240704232221202001
10020230441632823614403202001
10020232443654945634423202001
10022012102202620220121022001
10022014104402720440141022001
10022032324432823442323022001
10022034326634943662343022001
10022212343224842234321222001
10022214345444944454341222001
10201000000020402000000010201
10201002020020502002020010201
10201004040020802004040010201
10201020402030603020402010201
10201022422032723022422010201
10201202021220602212020210201
10201204041240704214040210201
10201222423432823432422210201
10201224443454945434442210201
10203020102040604020102030201
10203022122240704222122030201
10203040506070807060504030201
10203042526272927262524030201
10203222143242824234122230201
10203224163462926436142230201
10221210000222622200001212201
10221212022222722222021212201
10221230422432823422403212201
10221232444434943444423212201
10221412221442824412221412201
10221414243462926434241412201
10223232102244844220123232201
10223234124444944442143232201
12100000000002420000000000121
12100002200002520000220000121
12100004400002820000440000121
12100022220012621002222000121
12100024420014741002442000121
12100220023002620032002200121
12100222223022722032222200121
12100242243214841234224200121
12100244443236963234444200121
12102200102202620220100220121
12102202302402720420320220121
12102222324232823242322220121
12102224524434943442542220121
12102420145204840254102420121
12102422345424942454322420121
12122010000222622200001022121
12122012202222722220221022121
12122032240432823404223022121
12122034442434943424443022121
12122230223242824232203222121
12122232425262926252423222121
12124212102424842420121242121
12124214304624942640341242121
12321000000024642000000012321
12321002220024742002220012321
12321022422034843022422012321
12321024642036963024642012321
12321222023224842232022212321
12321224243244944234242212321
12323220102244844220102232321
12323222322444944422322232321
12343210000246864200001234321
12343212222246964222221234321
40000000000000800000000000004
40000004000000900000040000004
1000000000000002000000000000001
1000000220000014100000220000001
1000002002001004001002002000001
1000002222001236321002222000001
1000020000300004000030000200001
1000020220302216122030220200001
1000022002321026201232002200001
1000022222323458543232222200001
1000200010020004000200100020001
1000200230042016102400320020001
1000202012221206021222102020001
1000202232243438343422322020001
1000220012320026200232100220001
1000220232344238324432320220001
1000222014541248421454102220001
1002001000002004002000001002001
1002001220222016102220221002001
1002003004005006005004003002001
1002003224225238325224223002001
1002021020302206022030201202001
1002021240524418144250421202001
1002023024325228225234203202001
1002201210022026202200121022001
1002201430264038304620341022001
1002203214225228225224123022001
1002221232322248422232321222001
1020100000000204020000000010201
1020100222200216120022220010201
1020102022021206021202202010201
1020102244221438341224422010201
1020120200302206022030020210201
1020120422504418144052240210201
1020122222343228223432222210201
1020302010020406040200102030201
1020302232242418142422322030201
1020304032241608061422304030201
1020322212322428242232122230201
1022121000002226222000001212201
1022121222422238322242221212201
1022123024025228225204203212201
1022141220304428244030221412201
1022323210022448442200123232201
1210000000000024200000000000121
1210000242000036300002420000121
1210002202201026201022022000121
1210002444201258521024442000121
1210022000320026200230002200121
1210022242322238322232422200121
1210024202541048401452024200121
1210220010022026202200100220121
1210220252044038304402520220121
1210222212423228223242122220121
1210242012342048402432102420121
1212201000002226222000001022121
1212201242222238322222421022121
1212203204205228225024023022121
1212223020322428242230203222121
1212421210024248424200121242121
1232100000000246420000000012321
1232100244200258520024420012321
1232102222221248421222222012321
1232122200322248422230022212321
1232322010022448442200102232321
1234321000002468642000001234321
4000000000000008000000000000004
100000000000000020000000000000001
100000002000000030000000200000001
100000004000000060000000400000001
100000020200001040100002020000001
100000022200001252100002220000001
100000024200001484100002420000001
100000200020100040001020002000001
100000202020102050201020202000001
100000204020104080401020402000001
100000220220121262121022022000001
100000222220123474321022222000001
100002000012000040000210000200001
100002002012020050020210200200001
100002004012040080040210400200001
100002020212203060302212020200001
100002022212223272322212220200001
100002200034100262001430002200001
100002202034122272221430202200001
100002220234323484323432022200001
100002222234345696543432222200001
100020001000200040002000100020001
100020003000400050004000300020001
100020005000600080006000500020001
100020021202221060122202120020001
100020023202421272124202320020001
100020201040302060203040102020001
100020203040504070405040302020001
100020221242343282343242122020001
100020223242545494545242322020001
100022001212200262002212100220001
100022003212420272024212300220001
100022021414423282324414120220001
100022023414643494346414320220001
100022201254302484203452102220001
100022203254524494425452302220001
100200100000020040020000001002001
100200102002020050020200201002001
100200104004020080020400401002001
100200120220221060122022021002001
100200122222221272122222221002001
100200300220140060041022003002001
100200302222142070241222203002001
100200320440361282163044023002001
100200322442363494363244223002001
100202102012022060220210201202001
100202104014042070240410401202001
100202122232425080524232221202001
100202124234445292544432421202001
100202302234142282241432203202001
100202304236164292461632403202001
100220121000220262022000121022001
100220123002420272024200321022001
100220141222441282144222141022001
100220143224641494146422341022001
100220321240342282243042123022001
100220323242544292445242323022001
100222123212222484222212321222001
100222125214442494244412521222001
102010000000002040200000000010201
102010002020002050200020200010201
102010004040002080200040400010201
102010020402003060300204020010201
102010022422003272300224220010201
102010202020302060203020202010201
102010204040304070403040402010201
102010222422323282323224222010201
102010224442325494523244422010201
102012020012022060220210020210201
102012022032042070240230220210201
102012040414225080522414040210201
102012042434245292542434240210201
102012222034322282223430222210201
102012224054344292443450422210201
102030201000204060402000102030201
102030203020404070404020302030201
102030221404225080522404122030201
102030223424425292524424322030201
102030403040506080605040304030201
102030405060708090807060504030201
102032221212224282422212122230201
102032223232444292444232322230201
102212100000022262220000001212201
102212102022022272220220201212201
102212120422223282322224021212201
102212122444223494322444221212201
102212302220342282243022203212201
102212304242344292443242403212201
102214122012044282440210221412201
102214124034064292460430421412201
102232321000224484422000123232201
102232323022424494424220323232201
121000000000000242000000000000121
121000002200000252000002200000121
121000004400000282000004400000121
121000022220001262100022220000121
121000024420001474100024420000121
121000220022100262001220022000121
121000222222102272201222222000121
121000242242121484121242242000121
121000244442123696321244442000121
121002200012200262002210002200121
121002202212220272022212202200121
121002222232403282304232222200121
121002224432423494324234422200121
121002420036300484003630024200121
121002422236322494223632224200121
121022001000220262022000100220121
121022003200420272024002300220121
121022023222241282142222320220121
121022025422441494144224520220121
121022221042322282223240122220121
121022223242524292425242322220121
121024201212420484024212102420121
121024203412640494046214302420121
121220100000022262220000001022121
121220102202022272220202201022121
121220122240223282322042221022121
121220124442223494322244421022121
121220320222142282241222023022121
121220322424144292441424223022121
121222302012224282422210203222121
121222304214244292442412403222121
121242121000242484242000121242121
121242123202442494244202321242121
123210000000002464200000000012321
123210002220002474200022200012321
123210022422003484300224220012321
123210024642003696300246420012321
123210222022302484203220222012321
123210224242304494403242422012321
123212220012222484222210022212321
123212222232242494242232222212321
123232201000224484422000102232321
123232203220424494424022302232321
123432100000024686420000001234321
123432102222024696420222201234321
400000000000000080000000000000004
400000004000000090000000400000004
10000000000000000200000000000000001
10000000220000001410000002200000001
10000002002000100400100020020000001
10000002222000123632100022220000001
10000020000210000400001200002000001
10000020220210221612201202202000001
10000022002212102620121220022000001
10000022222212345854321222222000001
10000200001020000400002010000200001
10000200221022201610222012200200001
10000202003040120602104030020200001
10000202223042343834324032220200001
10000220001430002620003410002200001
10000220221432423832423412202200001
10000222003452124842125430022200001
10002000100002000400020000100020001
10002000320024001610042002300020001
10002002102202300600320220120020001
10002002322224323832342222320020001
10002020102212020602021220102020001
10002020322234241814243222302020001
10002022104414322822341440122020001
10002200121022002620022012100220001
10002200341046203830264014300220001
10002202123242322822324232120220001
10002220123432024842023432102220001
10020010000000200400200000001002001
10020010220220201610202202201002001
10020012004002300600320040021002001
10020012224222323832322242221002001
10020030020210400600401202003002001
10020030240430621812603404203002001
10020032024214502820541242023002001
10020210201020220602202010201202001
10020210421242421812424212401202001
10020212205042340804324050221202001
10020230221430422822403412203202001
10022012100002202620220000121022001
10022012320244203830244202321022001
10022014104204502820540240141022001
10022032122212422822421222123022001
10022212321022224842222012321222001
10201000000000020402000000000010201
10201000222200021612000222200010201
10201002022020120602102022020010201
10201002244220143834102244220010201
10201020200212020602021200202010201
10201020422412241814221422402010201
10201022222234122822143222222010201
10201202001020220602202010020210201
10201202223222421812422232220210201
10201204023060340804306032040210201
10201222201432222822223410222210201
10203020100002040604020000102030201
10203020322224041814042222302030201
10203022122222340804322222122030201
10203040302214060806041220304030201
10203222121022242824222012122230201
10221210000000222622200000001212201
10221210222420223832202422201212201
10221212024022322822322042021212201
10221230220212422822421202203212201
10221412201020442824402010221412201
10223232100002244844220000123232201
12100000000000002420000000000000121
12100000242000003630000024200000121
12100002202200102620100220220000121
12100002444200125852100244420000121
12100022000230002620003200022000121
12100022242230223832203224222000121
12100024202432104840123420242000121
12100220001022002620022010002200121
12100220243024203830242034202200121
12100222203242122822124230222200121
12100242001452004840025410024200121
12102200100002202620220000100220121
12102200342024203830242024300220121
12102202302402502820520420320220121
12102222102232222822223220122220121
12102420121024204840242012102420121
12122010000000222622200000001022121
12122010242220223832202224201022121
12122012204202322822320240221022121
12122032020230422822403202023022121
12122230201022242824222010203222121
12124212100002424842420000121242121
12321000000000024642000000000012321
12321000244200025852000244200012321
12321002222220124842102222220012321
12321022200232024842023200222012321
12321222001022224842222010022212321
12323220100002244844220000102232321
12343210000000246864200000001234321
40000000000000000800000000000000004
