50
4
0.78 0.70 0.87 0.39
0.30 0.48 0.83 0.35
5
0.96 0.72 0.94 0.88 0.64
0.74 0.76 0.02 0.68 0.26
9
0.54 0.92 0.90 0.69 0.18 0.41 0.33 0.05 0.67
0.49 0.15 0.03 0.26 0.11 0.40 0.70 0.65 0.04
10
0.81 0.75 0.50 0.69 0.25 0.59 0.84 0.09 0.97 0.44
0.53 0.66 0.91 0.19 0.88 0.34 0.62 0.38 0.47 0.12
1
0.7
0.4
3
0.56 0.75 0.62
0.06 0.19 0.44
9
0.255 0.443 0.094 0.462 0.566 0.387 0.877 0.038 0.726
0.604 0.623 0.557 0.887 0.160 0.057 0.991 0.406 0.585
3
0.21 0.79 0.37
0.26 0.11 0.53
1
0.17
0.83
2
0.13 0.70
0.65 0.30
10
0.84 0.83 0.04 0.40 0.12 0.68 0.71 0.27 0.77 0.03
0.73 0.97 0.09 0.16 0.58 0.65 0.44 0.66 0.99 0.94
6
0.07 0.20 0.56 0.39 0.76 0.49
0.88 0.37 0.15 0.54 0.63 0.34
10
0.41 0.35 0.26 0.32 0.65 0.85 0.24 0.18 0.88 0.74
0.29 0.79 0.56 0.68 0.03 0.38 0.50 0.21 0.94 0.97
1
0.2
0.4
4
0.94 0.12 0.06 0.50
0.31 0.69 0.44 0.56
7
0.49 0.71 0.16 0.95 0.33 0.19 0.93
0.36 0.23 0.70 0.52 0.15 0.34 0.55
3
0.75 0.17 0.92
0.33 0.42 0.08
9
0.114 0.524 0.895 0.048 0.790 0.238 0.962 0.781 0.752
0.686 0.248 0.133 0.971 0.610 0.924 0.029 0.638 0.714
1
0.8
0.3
10
0.73 0.35 0.23 0.92 0.38 0.54 0.81 0.12 0.04 0.31
0.62 0.88 0.46 0.58 0.15 0.77 0.85 0.19 0.65 0.08
10
0.24 0.14 0.08 0.12 0.18 0.51 0.22 0.27 0.49 0.16
0.98 0.61 0.92 0.73 0.57 0.90 0.94 0.78 0.55 0.76
9
0.97 0.81 0.10 0.64 0.39 0.24 0.61 0.09 0.43
0.52 0.60 0.51 0.93 0.82 0.06 0.15 0.27 0.31
10
0.19 0.41 0.35 0.57 0.86 0.05 0.54 0.38 0.14 0.22
0.89 0.46 0.59 0.76 0.73 0.95 0.43 0.78 0.08 0.24
7
0.07 0.56 0.40 0.22 0.53 0.16 0.87
0.91 0.49 0.38 0.09 0.62 0.76 0.11
1
0.17
0.67
10
0.477 0.458 0.411 0.514 0.103 0.318 0.140 0.393 0.084 0.131
0.916 0.542 0.794 0.925 0.860 0.944 0.963 0.888 0.813 0.776
10
0.72 0.04 0.84 0.36 0.76 0.52 0.92 0.80 0.56 0.12
0.96 0.08 0.68 0.64 0.28 0.32 0.60 0.24 0.40 0.16
10
0.796 0.343 0.954 0.889 0.593 0.870 0.222 0.148 0.352 0.926
0.741 0.963 0.407 0.639 0.491 0.296 0.583 0.213 0.731 0.370
1
0.6
0.7
10
0.681 0.611 0.664 0.947 0.956 0.717 0.796 0.504 0.619 0.646
0.097 0.407 0.106 0.142 0.354 0.221 0.442 0.487 0.195 0.363
4
0.24 0.59 0.15 0.38
0.76 0.44 0.79 0.94
10
0.74 0.97 0.23 0.31 0.99 0.94 0.11 0.52 0.39 0.17
0.82 0.65 0.43 0.51 0.61 0.01 0.35 0.49 0.92 0.53
1
0.27
0.36
10
0.062 0.319 0.230 0.133 0.239 0.212 0.389 0.310 0.434 0.088
0.850 0.717 0.673 0.876 0.832 0.540 0.531 0.522 0.549 0.752
10
0.41 0.07 0.09 0.59 0.30 0.90 0.77 0.69 0.27 0.93
0.14 0.91 0.26 0.29 0.96 0.53 0.64 0.11 0.74 0.47
10
0.632 0.535 0.009 0.061 0.325 0.386 0.702 0.833 0.895 0.877
0.368 0.395 0.868 0.526 0.956 0.991 0.026 0.807 0.404 0.982
6
0.55 0.90 0.54 0.79 0.83 0.87
0.07 0.18 0.52 0.49 0.15 0.48
10
0.15 0.09 0.37 0.49 0.65 0.35 0.91 0.74 0.54 0.22
0.55 0.75 0.34 0.17 0.63 0.46 0.83 0.29 0.02 0.82
4
0.39 0.52 0.78 0.83
0.87 0.09 0.13 0.04
3
0.3 0.1 0.4
0.9 0.7 0.6
10
0.195 0.246 0.797 0.441 0.220 0.390 0.466 0.619 0.898 0.856
0.305 0.263 0.034 0.008 0.932 0.686 0.958 0.347 0.653 0.178
10
0.10 0.32 0.27 0.24 0.12 0.29 0.20 0.17 0.34 0.15
0.39 0.88 0.76 0.90 0.71 0.93 0.85 0.51 0.98 0.83
7
0.16 0.25 0.59 0.82 0.57 0.55 0.50
0.79 0.23 0.46 0.34 0.89 0.18 0.95
2
0.07 0.20
0.87 0.27
10
0.43 0.83 0.48 0.26 0.96 0.39 0.35 0.09 0.17 0.22
0.87 0.57 0.30 0.65 0.13 0.61 0.52 0.04 0.74 0.78
10
0.59 0.69 0.28 0.07 0.84 0.29 0.88 0.62 0.91 0.79
0.13 0.38 0.32 0.25 0.31 0.47 0.54 0.12 0.16 0.37
10
0.50 0.21 0.12 0.46 0.79 0.04 0.75 0.38 0.33 0.71
0.83 0.42 0.54 0.67 0.96 0.17 0.58 0.92 0.62 0.87
9
0.88 0.09 0.33 0.56 0.95 0.98 0.60 0.63 0.51
0.70 0.16 0.47 0.35 0.93 0.91 0.28 0.42 0.72
10
0.39 0.38 0.33 0.09 0.24 0.10 0.23 0.08 0.35 0.34
0.68 0.70 0.82 0.98 0.71 0.96 0.76 0.78 0.53 0.41
10
0.02 0.10 0.05 0.06 0.68 0.08 0.92 0.80 0.23 0.99
0.52 0.54 0.30 0.76 0.29 0.32 0.88 0.89 0.46 0.35
