100
4 00001
6 0000031
2 012
6 8900001
6 2201221
6 5000201
2 901
2 501
6 5634021
6 7900401
2 001
6 0000076
6 0008001
4 11111
6 9662403
0 1
1 11
6 2965593
1 01
6 1111122
0 2
1 41
6 0000002
5 121101
6 6000006
6 0000001
6 3003001
2 001
6 0000001
2 011
0 1
3 2091
0 1
3 3101
0 1
1 01
6 6730072
3 2927
6 5285223
6 0000601
3 9001
3 6572
0 1
5 488595
6 0000006
4 00011
6 0200001
1 26
5 402122
6 7352118
6 9040001
6 2022011
6 8997291
4 36096
6 9787708
6 1202111
6 0002011
6 0009007
5 022211
5 600021
6 0000041
6 1100202
6 6000031
6 0000001
5 000001
6 0500911
6 8040001
6 0000001
2 201
1 09
6 7440801
6 9999999
6 1221101
6 2102121
6 2704201
6 1351769
6 0000001
6 6400001
2 221
6 0007001
3 0041
6 6000001
6 1112211
3 2661
6 9338607
0 1
6 1111111
6 0000011
6 0030001
5 000001
6 4096377
6 2100122
6 0121211
3 0001
6 3004361
6 0000009
4 09883
6 0068001
5 110011
6 5000004
