100
1 2
00
10
10 10
1101110010 1010010101 0001011001 0000000110 1100101111 0111101001 1010001000 0011110010 0111110101 1100001110
0011111011 0010100100 0100001000 1001110101 1111110011 1111010010 1110001111 0100010100 1001101000 0000001111
10 10
1011001110 0111100110 0100001001 0111110111 1100101001 1010011010 1001110000 1100110010 0011010101 0000001101
0001001110 0100010111 0100001100 1000110011 1011101011 0011110000 1100110111 1111011000 1111001001 0010100100
10 8
11011011 10011001 10111010 10000100 10000101 10100110 10011000 01011001 01000101 11000111
00111000 01111010 01100111 01100110 01000101 10111010 01011001 01111011 00100100 10100110
4 8
11011000 01001100 01111100 00010101
00000100 01111100 10000010 00110101
2 8
11001001 01010101
00011001 10000101
10 10
0010000101 1011011000 1100100010 0001001101 1110010010 1001011101 1010110110 0101111011 0100101111 0111100000
0100111101 1001001111 1010100100 0001011111 1100110000 1011001010 0111110010 0101101001 1110000000 0010010111
10 10
1101010101 0101001001 0000111011 0101100110 1111111000 1010000110 0000000011 1011111111 0010100100 1110011000
1010101011 0111111101 1010010011 0000101110 0001010111 1000001100 0101010000 1111001110 1111100001 0100110000
10 10
1011011011 0100000010 1010001100 0101111001 1011100100 1110010101 0001011011 0101110110 0000101001 1110100110
0011110011 1000101100 0010001000 1100000110 0011111100 0110100011 0111010001 1101010001 1000011111 1101101110
5 10
0100000011 1000110010 1010101110 1010011000 0100011000
1000010000 0101101110 1101110110 0110110111 1010111011
9 5
00100 01011 01101 11110 10101 10000 11001 01110 10100
01010 00001 10000 00000 11001 00100 11010 01101 11111
7 9
011111101 001101000 011010111 110000111 001101100 111001100 100110111
001001000 011110111 011011101 110100111 100010111 111101100 001001100
10 10
0000110110 1111111001 0111000101 1101100001 1100011101 0010000110 1000101010 1010010010 0111111001 0001001110
0100001111 1011000000 0110010111 1100110011 0011011100 1001110000 1100001111 0001100100 1010111000 0111101011
6 9
111011101 000111000 001101000 011001001 101111100 010011001
100110110 110010111 010000011 111000111 000100010 101100110
10 10
0110101010 1111001111 1011111111 1100011000 1010100000 0101010111 1010000000 0001111101 0101110011 0000000100
1111000001 1001101111 1100111100 0011001011 1000010110 0101110011 0110100100 1100011000 0010010100 0011101011
2 4
0101 0100
1000 1001
3 4
1000 0110 0010
0100 0000 1010
10 10
0010110110 0101000100 0110000010 1101111001 1000011100 0111011001 1011010111 1000101001 0100100011 1011101110
1001010110 0110100110 0101011000 1011001011 0101100001 0110010011 0011110110 1010101100 1100111001 1000001101
5 5
01000 10001 11001 10101 10010
10001 11000 00100 01010 01100
8 7
1011100 0111011 0101110 1110100 1001011 1000111 0000011 0010010
0111100 1111010 1111110 0101000 0101101 0110011 1100111 1100101
4 6
110110 011010 110100 011000
110100 110110 011000 011010
3 8
01010110 01101000 01111011
01000001 11000101 01000000
3 7
0110100 0111101 1010110
1000100 1010001 0100110
1 3
101
111
10 10
0111110001 1111110111 0010011111 1100000001 0110001100 1001110010 0011111010 1100001001 0000000100 1001101110
1011011100 1101000101 0011011010 1000100010 0110110100 1000101010 0010100111 1101011001 0111010001 0100101111
10 10
1100101101 1011111111 0010011111 1110110110 0101000110 0101001001 1011100001 1010011000 0100100000 0001010010
1010110000 0101010100 0000000011 1110100100 1111000010 1110101011 0001111010 1001111101 0000011101 0111001111
10 10
1010101110 0011111100 0001100000 1111001011 1000110101 1101111000 0010000011 0110010111 1100011010 0101000101
1011010000 0000011110 0101111011 1000110011 1111110101 1001001100 0111001000 0010000101 1100100111 0110101010
1 10
1001011010
1111001001
10 10
0001001011 1101001100 0010101010 1011110010 1000110000 1111011111 0100010100 0101100101 0010011001 1110100111
1010000101 0111110000 0111000011 0100010001 1101101010 0000111111 1011111101 1000010110 0001001110 1110101000
1 3
010
001
3 10
1011010110 0011000001 0001110111
0010000001 1111011110 0000011111
2 4
1100 1001
1110 1011
10 10
1010100010 1111010001 1110111000 0011110001 1001101101 0100010110 0100001010 0011001110 1001111111 0100000101
0011010101 0101101001 0100000000 1110101110 1110111101 0011000111 1001001001 1110110010 0000011010 1001110110
2 6
011110 100111
011010 100011
5 7
1110110 0101001 1110010 0010111 0010101
1100110 1011000 1100100 0000111 0000011
1 10
1011101110
0000001010
10 10
1110101100 1111010110 0001101111 0011100011 0101010000 0000001010 1010110110 1100110001 0110011001 1001001101
1000101000 0111111100 1011100001 1101010010 0100000111 1110111011 0000011101 0001100111 1111011110 0010000000
2 10
0111000110 1110111011
1110111001 0111000100
7 10
1101101011 1100000101 0011111000 1010100100 1110010001 0001100110 1001111111
1000011010 0111101101 0101110011 1011100000 1010001110 1100101111 1111110100
10 10
1001111101 0111001010 0110010111 0000010100 1110111011 1101101010 0001000001 1010100100 1101010010 0010101101
1000110010 0110011101 1011100011 1100101101 1011011011 0100100100 1111110100 0000011110 0001000011 0111001000
2 5
10000 11000
00000 01000
8 8
11111001 01010001 11110010 01100001 00100110 00100111 01010101 01101010
10110010 00010101 01100110 00101010 00010001 00100001 10111001 01100111
8 7
0000101 1111000 0010001 0011100 0111111 1101000 1100011 1001111
1100001 1000110 0010101 1101010 1110001 0001100 0110110 0011000
2 4
1111 0000
0100 1011
10 10
1011010110 0010001011 1110011101 0100100110 1010001011 0101100000 1101101011 0001111000 1001010101 0110110100
0100110010 1100011111 0011111010 0110110001 1000000111 0000001100 1011010011 0111101100 1111101100 1001000001
1 4
1100
1001
10 10
0111100100 1100111100 1011111010 0000100001 0101000011 0001011111 1001101100 0010001101 1110010011 1110010010
1111100100 0011111010 0110010011 0001010110 0100110100 1101001011 1111100101 1000011011 0000101000 1010001101
4 4
0100 0111 0011 0010
1001 1101 0000 1010
8 10
1100001110 0010110011 0111010011 1010101010 0000010101 1111001010 0100010111 1000001100
1111001110 1100001010 0111010111 0011010101 0001110011 0100010011 1001101010 1011001100
10 10
1100011001 0100011110 0101110011 0011100010 0111001111 0000101010 1011010100 1110110101 1011001101 1000100000
0101010001 1010000010 1001101111 1010011011 1101010110 1111111010 0100111100 0001100101 0010101101 0110000000
9 10
0100111111 1010011010 0101101101 1100100011 0010111111 0111101101 0111000010 0001001010 1011001101
0101000000 0000010010 1100110010 0011000000 1011011100 1101100101 0010010010 0000111101 0110110101
6 10
1100101100 1000110011 1110011001 1000100011 0111001101 1010011001
1111001110 0001110000 1101111101 1100111000 1111000110 0110110010
10 10
0011010100 1111110010 0000100011 0001000100 1111011000 0010101010 1111001011 1100111101 1000001111 0100110101
0011011100 0100111101 0010100010 0000101011 1100110101 0001001100 1111111010 1111010000 1111000011 1000000111
6 8
10000100 00101100 11010111 11101111 10010001 00110000
11000011 01101011 00000000 00111000 01111110 11011111
10 10
0000111110 0100011100 1010000110 0010001010 1001101011 0100110001 1111110001 1111000110 0001111101 1111000001
1101010111 1100010100 0011011011 1000011011 0011101100 1110100000 0101000001 0011101011 1000110110 0110101100
5 10
0000001010 0001000101 1101000101 1000000111 1000101111
0000111100 0101101110 0110100100 0010010110 0111101010
2 3
111 011
101 001
6 6
011110 000011 111111 101011 001010 010111
001001 101000 110101 111100 100001 011101
6 6
001101 111110 101100 011100 010111 111000
001100 011101 101000 111100 101110 000111
10 8
00011010 10001000 01100100 11000000 10101101 00101111 01100111 00101100 11100101 01010010
01110101 00001011 00111101 11100111 10101111 10001010 00001000 11000010 01000000 01000011
6 10
1001111100 1110001100 0100100111 0010101101 0101110111 1000001111
0100100101 0010101111 0101110101 1001111110 1110001110 1000001101
2 8
10001111 11111001
00001111 01111001
9 9
001100111 011101111 001010110 011010000 001111011 011101110 100101011 011010110 010011000
101101011 010101110 101101010 111100010 101010011 101010101 100011101 111010011 111111110
5 7
1011111 1101001 1100010 1011011 1111000
0010011 0100001 0011000 0100101 0000010
10 10
1010100111 0111101111 1101111000 1010010100 1001100000 1001001111 0101010110 0100101000 0010010011 0110011001
1100001111 1011001010 0100100001 0000010110 0011001101 0000111001 0011111110 1110110110 1111000000 1101110001
8 7
1000101 0100110 0111111 0110000 0000110 0101001 0000111 1001110
0010111 0101111 1010101 0100000 0110110 0010110 0111001 1011110
2 7
1001010 0010001
0010101 1001110
1 9
111111110
101110000
10 10
1000011101 1111110001 1110101110 0000000011 0101000110 0110111000 1011101000 0011010110 0101100101 1000011011
1010111100 0111100001 0000001011 1010011111 0111100111 0001010100 0100010010 1111111001 1100101100 1001000010
10 10
0001101010 0000110001 0000101101 1110000110 0111110001 1011010111 1101011000 1100100110 1111001011 0010011100
0000100111 0111010110 0010000111 0001011001 1100110000 1100101100 0011001010 1110011101 1011110000 1101101011
10 10
0000000001 1001010000 1101011001 0110000111 1110101110 1001111111 0011101000 1110101010 0001010110 0110110101
0100001110 1000000001 0110110000 0011011111 0011101101 0101011001 1011110010 1100001000 1100100111 1011110110
10 10
0101000111 1010110100 0011110000 1100010010 0011101111 1111101011 0101111001 0100000101 1010001000 1000011110
1010100000 0100010001 1000001010 1010011100 0101010011 1100000110 0011100100 1111111111 0101101101 0011111011
3 10
1110001010 0000110101 1111001100
1001011010 0110100011 0111100101
8 8
00000101 00011001 00011101 11000111 00011000 11011111 00000001 00000000
11011000 11011001 11000101 00011111 00000111 11011101 11000000 11000001
2 9
110110011 100111000
001101100 011100111
10 10
1100100010 0111001101 0101111111 0010100100 0010011111 1110000100 1101010011 0000010010 1011101001 1001111000
1110001100 1001101100 0000110001 0010010111 0001000000 1011011110 1100000001 0111111010 0101101011 1110110111
2 7
1010101 0111110
1100110 0001101
8 7
0010000 0011001 1011001 1001001 1000000 0100010 0101011 1010000
0010100 1100110 0000100 1101111 1010100 1011101 0001101 0011101
6 8
00110010 10111011 01000010 10010110 10000100 00001100
01010100 11100010 01001101 01100111 10011001 00011000
3 6
101111 111011 100111
111110 011001 101110
10 10
1001101010 0110100011 0000100101 0001010110 0011101000 1001000101 1110010100 1101011011 0110011101 1110111010
0011000111 1011110000 0011101001 0000001000 0100111001 1110111011 1100000101 1011001110 0100010110 1101110110
1 4
1101
1010
10 10
0100110001 1101000010 1011010001 0101110110 0110101111 0011010000 0000101011 1010001100 1111001101 1000111110
1110100011 0000110001 0101001110 1000110000 1011011111 0011001010 0111010000 1001101101 0110010111 1100101100
10 10
0110000001 0110101101 0001100110 1001001000 1000111100 0011011011 0110010010 1101010011 1100100111 1011111100
1100000000 0011100101 1100111111 1100101100 0110001010 0111111110 1011001011 1001110110 0010010001 0001010001
10 6
011000 100010 101111 011101 100111 011001 010000 101011 010101 101010
100111 101110 010100 011001 010101 100110 101011 011100 010001 100011
1 4
0111
0110
9 8
10000010 01010111 01100010 01001101 00010001 01010001 10101100 10011011 01000010
11101110 01011000 10001100 00101100 01110000 10001000 00001011 10011000 01011111
5 10
1011010001 0000101000 1000101101 1110111000 1000010000
1010010001 1111111000 1001010000 1001101101 0001101000
5 9
000111010 000100110 001010110 100001000 100110001
000010100 100011101 010011000 101110100 100110111
7 4
0111 0000 1111 1101 0011 1010 0001
1001 1110 1100 0010 0000 0011 0100
10 10
1000000111 1000001001 1110110100 0110000011 1111000110 0101101010 1010111110 0011010000 0101111001 0001111101
1100011110 1010100100 0111000000 0011001010 0001110011 0110110010 1000001001 1100001101 1111110111 0001111101
10 10
1001001101 1101001101 0111011011 0000010100 0110111110 1011100010 1100000110 0000110001 1011111000 0110100011
1110011101 1001100011 0101010100 1000101000 1100101000 0011011011 0010111110 0101110001 1110000111 0011000110
10 10
1010001111 1000100100 1010011010 1101000001 1001111011 0111110011 0010011111 0100000100 0111111000 0101100100
0101110101 1100110000 1000001010 1011111110 0110001001 1011101011 1001010101 0110000010 0011101110 0100010101
4 7
1101110 0011101 1001100 0111111
1001000 0111011 1101010 0011001
10 10
1000101001 0101011001 0111000110 1011001101 1010110101 0000011111 1110111010 1101100110 0110100000 0001010010
1101110011 0010011011 0110010100 1001111000 1100111110 0100001000 1011100111 0001000111 0111101100 1010000001
4 4
0110 1101 1100 0111
0111 0110 1100 1101
10 10
1000110011 1011110011 0110101000 0111100110 1011110010 1101110111 1010100111 1110000101 1110010111 0101100110
1011010100 1000010101 1110100011 1101010001 0101000000 1011010101 0110001110 1010000001 0111000000 1110110001
6 6
001110 110010 000111 010011 101100 011010
011001 100101 111011 010000 000100 001101
4 10
0110110010 0101100010 0101110010 0000100110
0101100010 0000110110 0101110010 0110100010
8 9
111010000 001101100 011111000 011110000 100001101 111011000 101001100 000101101
011110011 000101110 100001110 101001111 001101111 111010011 011111011 111011011
